4085
12470
8240
1362
5990
9104
4548
9674
7458
4717
4190
1729
18118
16190
10453
10697
17808
3571
6149
8381
501
1601
20988
4393
21938
12334
22581
2114
22389
9071
21760
3806
7013
21204
5817
2871
20674
19579
905
21718
4838
5633
3653
8671
11965
9988
18391
1961
17581
365
16791
1705
11856
513
5087
15119
12318
21956
21673
1890
7533
20074
4298
21099
14890
15635
17518
16292
4000
679
18654
5195
4590
9000
4455
1861
7851
1945
19999
14368
6342
890
3088
3854
2680
1107
15787
20900
13206
4137
11623
6737
639
1370
22170
13279
8183
21450
6963
18112
19464
16503
5226
15478
13486
3958
10088
20465
299
9181
21009
4935
1596
7428
10236
3687
3678
19874
8957
12129
5358
14189
20082
14752
17324
854
2476
13645
18202
5126
17200
13778
11703
17864
10737
15878
14022
21647
17383
4718
9278
8459
1018
9258
2716
20809
5089
3456
6340
16892
13054
2590
9806
18644
22304
823
1985
15343
1586
18724
20917
15458
14741
7031
11355
7881
10657
9856
3060
8225
21411
8235
3232
14139
11119
3638
17950
21619
20098
2160
12388
18515
21162
10244
20359
2944
1280
949
19124
7834
18926
4044
12186
16446
13033
21930
2886
11203
7974
7379
19162
21743
913
21180
20749
10632
19344
22742
13398
9103
11422
22593
3065
8656
17442
7753
12489
20708
11378
21419
13103
19835
7513
22127
10647
17413
13743
12592
6487
3353
7627
6313
14569
17742
6137
11536
4519
229
6545
17788
1769
22641
22634
2684
10196
15034
8654
11777
14291
15487
13038
18298
21764
16823
14207
318
20046
17794
20144
21120
15736
20485
5064
15678
10977
4614
5058
4995
8136
22264
11294
3783
15214
7838
18752
6016
20716
432
4369
1872
6625
4251
15280
16799
4231
9130
3402
8463
9779
18084
3178
12456
17410
1896
4297
7312
8681
12687
224
18857
20102
13412
22719
17852
6868
17373
311
19201
4793
12878
9715
17759
11889
5081
20375
1207
11508
3700
14521
14142
22573
16612
2810
7270
15508
6889
12778
8501
22590
19442
10290
10447
4151
7623
5085
17583
5850
10704
18402
9307
3898
20817
18429
12539
10533
7091
14058
16458
2650
20655
7122
10969
8014
15181
18732
7198
7908
7226
13932
4316
8300
181
3803
17278
16785
20687
20393
13955
17037
9090
643
21503
19357
1429
18737
10413
14716
9414
18387
543
6348
5343
7009
22215
6836
11449
4257
8361
7800
3277
7234
21174
8455
881
12480
22449
19024
17708
9215
21946
17207
13925
4587
16443
12146
7474
16195
6311
15143
12879
8794
22448
10286
1365
4256
3468
2040
20187
8549
18208
6345
171
20519
615
121
10593
13072
20730
22461
17674
9981
848
17248
7810
11231
22505
6767
18312
16701
11062
14027
15412
12459
6590
16461
5413
20568
11089
19020
6738
9896
6431
14157
6473
19519
8057
18767
14858
15163
19067
8918
13191
16655
9724
3499
18423
15636
3180
9228
4165
17435
9164
8990
10710
11814
17286
837
507
5201
16683
15455
13764
13980
14582
14717
2664
5592
2913
4132
10304
15276
1554
11305
6309
2329
9561
15910
19368
4141
201
7571
21480
17776
16328
13102
13066
19936
10506
8818
21730
839
4216
1524
15120
1898
16699
8713
157
17556
16436
15825
2492
8940
22206
9052
15936
17458
16710
10296
10743
17970
22563
21246
17375
12323
5405
6262
21039
8720
16185
15590
7902
17237
1489
16497
12553
22145
14583
14614
12828
15607
4482
19781
1833
15072
12259
13670
15332
20802
3920
15138
7672
6015
19268
11049
8626
458
17332
19200
19459
20563
10768
18170
2570
6907
18591
12448
11666
8101
20157
18907
20139
19919
6000
17384
5399
17827
11317
16182
22451
18569
10032
1789
1807
4399
7752
2904
15490
17078
19738
13218
18346
10065
10726
559
3052
6157
16007
15007
7119
11461
3804
7871
15888
3473
18030
19581
15312
16711
9911
13210
6456
6579
12880
17284
3833
12599
598
10212
18692
2858
12468
10435
8732
14535
17346
1217
16167
6693
18243
5098
22551
13061
7438
5811
2530
5160
13545
11629
19924
18691
2371
19303
7311
5264
22753
16575
21245
2409
14299
34
3187
21864
18127
18768
19002
2764
4388
7520
4726
22492
16940
21538
11852
9532
551
14637
2096
72
2247
17530
16511
18418
21111
12549
22764
13266
2975
20362
18357
18927
16052
8746
13088
22115
17169
9358
12795
19010
13386
15494
16001
15957
5121
22407
9656
1842
19587
14979
22545
11397
12562
12639
9059
12944
1820
282
3776
11630
6830
4162
14104
8901
14386
11067
10251
2772
1244
4380
20599
17255
7404
13719
19386
3440
20736
2562
13681
21732
4404
7243
436
12482
6285
849
18293
7616
7375
18791
13418
4761
9315
9223
11152
4560
19374
11895
2610
6243
6322
13008
13608
8879
13445
20140
17731
14003
11034
14557
20838
113
725
22236
829
3098
7812
13080
11143
20675
1941
7884
17541
5352
1081
203
14778
6245
22106
12012
22112
17635
13376
2415
7654
6743
17466
18193
8698
1184
14887
9393
15630
20960
11442
5420
18248
10217
13660
14654
18465
21075
10876
17425
3563
15583
11742
10614
21508
9127
21499
15986
3179
6627
13997
15606
2257
9076
7699
1215
7751
19882
3944
6937
12623
750
9877
1615
13592
10163
3112
22498
20127
12164
9704
5841
11283
20887
13165
3204
16527
17276
5037
10680
2787
4730
9692
152
6867
8796
535
17840
15249
9695
6829
17233
11434
9569
15761
416
552
2350
14351
13400
522
17807
180
9696
16637
19889
1767
16230
15952
5091
9744
6320
5052
6370
14566
6220
4755
3356
19456
7841
3953
16294
14268
2826
14312
19134
14695
18657
3018
19625
11902
1209
7721
3444
16358
6377
17639
19266
9457
4698
3742
2740
6883
1649
15699
10827
16437
11015
17453
2144
11083
1279
19296
11198
715
21232
7855
11941
6521
16594
2759
8837
18658
13739
17125
15073
7789
9651
5077
4891
21272
19502
8961
648
16233
6878
16225
1801
18301
15316
6099
7658
923
10256
2048
7467
11092
12076
21004
9089
10559
9849
4709
10992
13283
12068
480
2153
11104
10596
4101
3430
9622
18596
4642
7649
2189
16516
10617
16480
22527
19073
14328
18035
2851
18718
17311
9074
17652
19256
9747
20490
14772
7444
13039
1748
15604
5256
17745
7985
21452
21936
3427
17813
9247
17824
8119
10985
4150
19649
6919
19934
14856
1239
12859
15253
10498
4397
6142
15476
16415
19920
9220
19918
8489
7944
1266
22789
6067
505
15346
20275
8571
652
20202
13476
10516
14374
8882
2547
8387
13026
14332
13556
20091
2075
21219
17360
13012
16525
14402
21599
19447
11734
12871
4347
16972
4265
15098
364
11465
9772
14922
22749
1854
6501
2166
8084
10687
13411
1270
5182
18788
6834
3907
2229
1087
12686
16821
18867
1697
3834
4545
1819
1409
7905
20924
7364
6130
21551
1092
16806
6764
16456
12899
21896
12295
2225
2571
6978
2820
514
3261
414
7401
739
6774
5515
22520
16857
2171
4596
21045
22293
10039
15757
3368
8046
7678
20061
9902
9857
20197
6019
17045
22684
19559
14683
7449
21617
19938
20836
12964
1702
7749
20135
17875
1263
3137
20191
17152
6765
18050
3899
18152
17752
10527
22148
10665
17488
3033
210
8708
2286
316
1070
21327
3997
17390
16300
11515
6148
14057
487
1373
3890
16673
1974
7304
468
20161
21426
22457
19291
8048
11209
8637
4301
17649
2284
3100
12494
6384
10866
7266
19789
21836
10801
12725
11068
13256
12551
18963
5557
14686
14081
11423
20340
10053
10619
3917
22261
16192
9859
7532
17465
20066
8306
57
22130
10715
20454
1007
18586
9284
1851
7412
10408
6058
373
343
2333
15074
20623
4312
3928
10912
6416
18948
2132
8408
21149
9705
2154
9546
5140
2378
6411
21159
15126
21771
20131
7683
12038
13365
18308
5289
1353
7922
8053
7409
10023
22770
12254
4562
12409
14200
9921
16545
15125
16675
16299
19185
12797
13240
1307
20211
2978
1405
7846
7754
15645
11196
14694
18911
21173
2925
6219
10775
15813
15304
20336
13939
1159
1714
22015
11291
6811
17026
4113
21897
9259
17224
15350
3485
4846
284
9501
21290
3526
1502
5726
14151
17782
10376
762
7329
19856
352
4314
7750
14574
6752
18916
2612
18672
7639
16792
15300
7365
19070
11599
17305
18918
21273
8110
16625
19969
4550
13714
4061
12865
13241
17619
1172
12509
17312
9360
12069
20360
4075
10062
17552
5511
6677
16769
17310
12508
13899
16996
9774
4394
1962
3344
15934
2252
1899
21769
16058
2792
22143
7502
9318
21374
17939
10175
14930
2965
9283
11304
6005
4461
13966
12787
11919
20665
12413
2237
5280
357
9575
6631
11535
1684
10012
1024
8744
19910
9231
5263
7352
10599
15212
16385
2924
5700
9126
11028
20126
13992
12507
18664
8013
19792
5606
12759
15885
2900
17361
7301
9669
13990
17272
1725
17203
18684
10184
10237
13324
3933
6104
22700
2304
20877
19249
8090
7706
10134
17959
520
20357
5423
10655
18909
19614
9401
18139
21153
3055
17367
18622
6671
2322
6444
9642
9342
4920
11565
11624
19896
14630
19155
16211
5500
16803
15474
14878
4057
2616
20825
19208
18882
2139
6020
22314
20056
9125
1214
11307
8453
12688
1153
22424
20956
19043
9506
11714
6346
9463
8298
2402
4876
19096
4719
5598
10121
4105
5241
7182
11530
9521
16836
2183
1923
4922
5412
5100
2486
19213
9266
12267
7263
9908
22324
11712
15101
4615
12461
10579
17862
19583
7598
14629
14669
18715
3242
10467
10410
15685
10253
9947
14817
17358
2932
15128
12477
5913
11540
21535
9621
2078
10263
18525
3114
6261
2580
10144
13309
1039
14422
15100
15080
17601
17139
2280
12093
19229
4676
12041
3488
13453
13200
11893
18550
4795
5877
12564
9216
2509
19914
10666
6002
7793
2961
1009
12630
7703
18806
5678
15639
6365
4781
16023
21104
9367
11975
15131
6975
16602
12907
6014
11432
21752
5821
14510
15977
21390
20366
10510
15453
10537
9870
17423
18571
7235
13973
5684
4505
21071
16277
19818
11884
13403
6496
6747
19244
5555
2307
3964
12384
2368
13395
15517
21250
22849
6742
19911
19707
20915
19190
3923
16122
2812
19410
348
14618
19636
12435
14512
21526
904
16202
3376
4909
21328
95
19195
15592
1907
9826
9869
12656
21112
8731
20248
10968
17355
7326
8674
165
21634
21228
19377
18955
19948
9862
21136
22117
22587
5660
10109
13281
21326
14029
6107
22415
5411
20274
9397
564
20673
14315
2696
15752
14056
17212
472
361
1791
21755
18425
49
10366
4313
21958
10169
1352
17733
13323
18251
16694
22280
4556
7959
790
14561
17371
4351
11969
18860
1917
8340
2583
8507
12210
12761
1257
9616
13796
20559
12932
9413
18866
17784
17246
17831
16747
5391
10329
6831
2946
20712
5580
2958
20113
18682
3643
12569
20839
5640
18725
13229
13548
4456
9985
2577
1930
4148
4890
16960
21319
16110
8479
16606
2885
19025
8846
16407
19364
5975
15262
9603
5083
13243
19945
7951
4447
1840
16715
4678
11706
2670
3225
16442
1492
21152
12474
18884
21524
5866
11971
14782
788
17098
22592
16093
5659
14375
12575
9437
14380
16634
8618
11829
3297
6364
6643
6041
11017
15605
13007
12138
14963
9542
3552
5753
8231
16231
2188
8382
15554
9709
12671
14726
13114
17770
19571
15960
12667
11798
2976
17986
12034
21322
10496
2783
7941
13084
2038
20134
3272
9476
17519
5113
13262
3394
9085
12548
1719
14631
300
15746
14405
19723
14548
16564
10656
9853
11797
3175
4623
982
6850
9719
20278
6522
9657
11834
15947
8780
11974
15196
2195
17837
21951
18600
22621
1400
893
7870
20670
10696
2531
21501
6719
12915
1630
13117
11711
20505
20293
2822
15495
16477
8313
14070
2516
13680
2513
3894
7561
12381
6988
4776
16816
10766
376
2005
5831
7048
21985
15806
22800
19402
15774
13576
5122
13560
10331
20742
7837
13629
7894
6698
18489
21544
14891
11819
13009
5316
19703
5628
14831
22126
1728
10119
30
4816
12462
22686
18797
20583
10706
17921
10283
11486
2191
7022
5587
9265
10862
14964
4754
8968
18478
21464
17721
15228
1675
7697
8310
11705
15603
22207
3584
7907
14233
14048
10058
1399
5314
9526
2125
3848
9630
12290
1886
6852
12641
6961
15624
16124
8565
15824
13164
12914
22699
3017
5124
16055
4186
8718
13753
3484
14076
10769
17606
16663
18272
16580
802
4855
8657
3293
12737
9369
14149
7363
8003
9434
5210
19804
22220
17941
3412
8763
15553
19006
10691
10349
13527
18783
4940
17227
5379
2760
2355
6125
21879
9600
15285
13460
5295
927
20332
21208
4420
3810
8470
9033
6911
17365
8751
6954
10500
17720
6723
3613
20037
2837
4704
10224
8889
7543
16245
10571
1233
2995
9787
18268
11936
8115
5227
16356
550
189
11810
13046
5786
13481
9934
5258
766
10962
3295
20572
22387
12994
16559
12831
15109
19678
13922
16616
19586
17153
3247
12921
14892
13674
5759
18313
7562
12888
22722
18874
5711
14333
1026
2776
82
6902
13006
785
10029
13815
8398
9655
17398
18168
14764
9250
14163
1335
11622
3960
9652
20759
5585
10209
3785
902
20071
2921
19572
12844
8937
11518
17603
16571
9493
3603
22801
9017
308
2471
1236
3645
12951
16598
22734
4881
7064
14347
1855
14035
10799
2180
5172
1918
12763
18694
4572
7920
11026
14296
6900
17764
21434
3809
20300
10228
22673
21529
16767
15514
10392
18424
8035
9973
1333
11211
17402
21422
13432
5245
8132
217
6650
14391
17280
9527
5932
13582
465
10907
1957
22331
8303
7696
5319
8086
13433
7424
18233
21308
6135
10843
976
6353
7575
17210
18893
12835
16166
8640
3756
21135
5107
21959
21190
9110
5307
9269
20491
15149
7228
540
10426
3251
20605
19111
9087
4191
12862
21391
17521
4564
11839
22059
3940
9
14744
14105
18959
176
22167
5429
15522
20027
19810
17915
19149
16350
2308
11957
21313
13536
15306
860
16487
420
6554
8407
19970
5392
4116
1083
15754
10569
1128
16585
21731
18257
3370
19451
21032
9654
6100
15148
15269
18365
10412
760
21247
21198
10764
10114
19928
4977
530
16542
16319
15577
18089
22871
9698
13214
19730
14625
13484
8198
13044
1979
3339
18777
5742
19394
14266
19894
16793
17478
3131
14101
20937
20368
4484
10560
5776
18361
22829
6402
8089
22532
5529
15799
21683
8627
13306
13940
3825
15122
21800
4626
3511
6819
13043
14884
10183
2086
5540
10960
11051
2226
17378
18505
16544
2302
10055
9810
16343
2342
10564
15866
752
15174
9502
3578
16115
1488
4481
18008
15142
17792
18078
18711
20154
20606
9664
18804
15531
20331
14110
19840
10734
1133
15209
3632
14100
16220
21210
11658
9202
16800
17728
20711
12086
1404
10724
12841
4260
14580
10227
15235
18565
13421
17664
8287
11652
16421
15289
5483
5185
18207
5527
8838
21942
4095
1959
972
8167
7238
14596
17931
9311
19851
21548
5905
12782
17981
15288
18689
11373
16845
3433
5108
13931
22163
2730
14307
17534
16457
9261
6215
8574
16191
2149
22887
4242
13429
15599
20146
15461
13230
11643
20283
10437
3446
12511
3253
22470
17983
21997
12272
4599
7262
7075
2282
11846
10148
11944
13063
11812
14587
12172
3037
14781
163
4630
4706
851
6722
8730
13911
13228
12109
891
18070
10185
12537
7100
13996
18454
3985
21914
10130
1913
12922
4255
10888
19837
13128
4789
4965
21133
12156
2576
18037
17856
17264
8040
11030
12219
12451
1369
528
17327
14701
9150
1411
13079
5559
5466
11754
5148
12110
12993
4239
9098
20991
18521
19258
5902
9625
22346
13083
2734
14344
4735
16486
22711
2434
20051
11190
17963
15820
11757
20535
17337
4017
6212
625
3800
21787
19257
5471
13880
4873
17832
18581
10754
14572
5799
1812
12234
22135
15005
2607
5926
272
12917
2176
6174
4406
13655
6866
6583
8584
20601
3128
6158
14345
2627
6481
3978
10788
20304
6327
7021
14325
3442
4573
6582
17923
11908
12472
4787
13336
21197
427
20556
12122
10550
9101
2911
19869
7877
6735
12991
242
21418
21928
19481
2364
7770
19206
21340
4660
1663
1299
22826
7321
22200
8826
17905
9711
15844
16003
5311
4483
5616
11454
18086
20105
18532
3987
9796
5458
20095
15805
8504
5168
18779
7155
20669
18064
14779
20735
22430
20351
12740
2831
18355
5880
11778
3106
16698
312
17014
2460
2968
12356
12276
3126
15354
19156
4530
3475
7345
3107
1694
13161
2535
18029
15061
5554
17890
9635
10531
7596
20650
12422
11686
2548
18522
15762
17607
4143
16134
1517
8570
20059
11824
18460
22377
6845
15207
279
2875
1130
826
3244
14219
5622
1422
5213
13145
15727
19181
1276
9612
19774
10804
1628
7937
13607
21086
23
4696
2273
17511
17204
8610
10875
17184
14530
21866
12064
2652
21233
4341
17452
20938
1750
16401
20793
20312
17379
561
11123
2941
9907
17819
15649
20801
5332
6433
16891
13442
20677
10189
15155
17533
11922
22456
14524
13425
13098
21912
15468
19350
19035
13546
19316
4363
21678
19892
3656
11284
15625
16736
4221
13202
1045
5143
10155
9183
22672
18994
8884
2468
18277
21734
9306
22464
10181
20522
20356
10022
623
11538
15161
4607
10158
5076
3767
4402
21002
87
11399
4376
18440
3869
11838
13076
6535
6397
8212
12349
9240
274
20564
14050
4707
10770
9051
11027
3359
20524
3680
853
2343
8967
3864
21589
17387
22866
18923
9301
17496
19057
4668
22666
18114
2541
13748
8939
17513
9387
7665
14867
13694
17341
15116
15330
14925
12935
4784
21908
22454
10393
11292
8372
9296
19234
16728
9361
14039
20582
19684
21523
13825
8883
19037
8873
8927
21462
2747
18437
10188
18958
14382
18056
20541
8642
20721
16496
13450
5340
21343
21917
5385
11367
3500
15381
21990
10488
5653
6761
7483
7530
18360
6258
9450
20748
20560
558
17168
16562
19823
5610
19661
19808
3319
930
19065
2550
3086
19585
15753
1753
10916
10455
14810
3015
20893
11033
11318
12097
21929
18511
6736
5655
22703
15689
17648
21984
5512
8145
2206
4875
12572
16593
14806
1857
7632
10728
17439
16953
8710
2230
17242
11805
1721
1730
21143
2372
16558
16034
10574
6785
1777
12490
1391
8941
18195
6218
22897
3249
22607
5508
16587
11046
693
8894
19239
17719
1673
5400
16838
4870
18878
19246
1531
2088
20789
12202
11790
17376
11345
11966
5101
6029
17623
9928
5112
22623
20053
15848
20843
12266
12214
7629
12505
6114
20562
367
4264
20970
15770
9488
9287
7705
2016
11036
9080
10659
15299
14615
13751
22600
12919
8321
476
2181
17874
22408
6281
15887
605
10264
4966
17938
14577
8244
7010
2134
15349
9852
1156
7006
14812
13277
11365
8902
15776
12691
12719
6503
2719
20255
16053
11491
6728
16404
22469
17406
10997
2035
20501
17479
1063
17414
10199
20584
11133
14532
4844
20128
18085
4989
17185
17186
3942
17144
21444
11539
20944
3835
19302
7268
19870
22434
21042
17443
404
3455
6924
12949
12628
7814
3528
15258
21898
5922
3467
20213
2046
19509
12485
28
18504
19154
584
2274
5581
20317
233
22495
4054
12958
12119
1286
9840
11685
4019
17029
16949
4547
12067
2724
12517
16787
6408
19824
12486
366
12765
2479
11029
14924
5840
13397
6269
5813
9650
15093
3401
4364
9119
9107
12720
15083
9580
5093
15437
11493
13738
18610
11107
17403
3281
7693
20886
2448
3496
21885
15025
22228
13452
15048
410
8534
508
16965
12284
18616
9641
15523
12506
18705
6409
14592
5914
18104
18287
4852
1679
18733
4907
10702
5228
16759
10953
22832
17868
14214
16667
14965
13983
12780
5285
11621
5734
8390
8561
17971
21641
13723
15479
4215
16476
2538
265
5744
10332
11631
610
8954
13612
19479
3486
20697
1821
17221
3954
14321
10174
17034
14633
14859
11672
7901
7664
573
2296
19660
11764
3254
22750
17771
6541
1788
7608
6758
8325
21939
18624
21196
16412
6286
3635
11920
18837
13110
20484
2087
4645
3057
6555
3684
4359
4442
15156
14804
5862
20436
16682
6513
9149
13422
8560
17735
5754
8834
18109
20147
14429
19616
3292
859
19004
16654
11967
4214
10265
9733
2221
9645
6705
16875
3513
3123
6462
13325
19890
478
14841
13889
11009
16523
17640
21825
12734
873
19706
7209
5347
16376
9702
5764
2591
4885
4292
11747
15588
3993
3693
9966
12427
1496
2167
11343
18740
5517
16910
22054
11697
21671
14052
313
10054
14282
7794
13444
9925
18744
6653
19836
8756
3908
7885
20990
10849
13215
17624
7820
8741
1440
15094
17133
3504
1375
21675
12679
14204
9142
13381
21583
22123
10298
1402
10327
6837
21164
17810
13051
6289
2762
12066
21408
5146
21048
7732
21727
12258
771
38
1386
14786
21147
15273
15013
7314
10601
9327
11553
15686
16353
20758
6461
12212
17122
7446
1863
12248
22347
287
18599
6247
11827
18922
1903
20803
13638
14941
10714
11459
1520
4277
689
18352
16804
11645
14828
14432
7526
9687
16474
1181
12749
5674
9680
16141
17748
7858
20210
11517
17965
16565
14241
154
8308
8906
8877
18928
4496
14635
15457
15547
14127
3927
10330
929
16087
7551
12936
20007
10951
21945
20713
13634
17449
3831
22208
19685
9791
21427
9377
9648
5474
16354
14840
18942
16830
14009
14634
7988
12904
17119
11463
9867
11499
22262
1637
1762
19446
13715
3536
18098
17422
21509
3888
3668
8672
19648
11861
7657
21606
5738
11016
10211
9073
20175
3542
18153
20033
11396
16298
16371
15849
17833
22798
6982
5054
4554
17193
16927
8702
14803
9814
3530
14873
4304
15932
12583
21091
11044
1033
2805
7394
3939
4540
16586
18886
11851
18755
20463
11339
15575
16988
17976
6552
17801
14372
14740
9971
10275
11953
6115
11898
20783
12981
6509
13203
18589
7531
15697
226
20773
8351
12431
5568
18134
1305
20663
3971
15907
6248
17474
10909
531
5265
6873
15069
1939
2341
15728
18613
2413
5117
14118
9095
17995
13249
6419
2175
11644
6204
8949
22333
19405
17942
15749
14140
7230
15632
22255
10730
14653
13155
12454
4371
7237
17234
12415
8680
10125
1847
4449
17779
14424
5488
8133
20376
13451
9917
16596
16703
22539
6917
11691
22882
13605
22272
14882
5359
9886
10067
6321
12524
16478
17508
22754
10930
18876
9170
2085
8887
8411
9897
21690
3116
18031
12885
13431
21957
1421
15215
10156
7450
22440
13153
12311
21171
18637
15611
21068
6246
11346
22503
3691
2951
6898
2136
4833
6237
22396
3110
4130
10436
12518
11047
9919
17116
22669
2348
1334
21148
10570
18273
7933
21124
3695
7034
18492
17576
12055
17532
8711
14250
8984
12345
18917
14606
21127
20908
21226
11676
6755
4532
1075
12274
7945
19954
18113
4682
18120
9883
17872
6441
9061
612
12877
19161
17325
16825
11692
19975
9518
1593
19755
6455
5445
6589
4168
11313
5396
7739
4851
19400
22530
14920
3567
11280
15988
10719
7761
10585
22343
11134
7607
16827
7687
5867
6279
1611
13538
19021
16010
5018
9201
4254
6435
2955
14934
2056
19985
21664
1359
1858
1237
18770
7402
5896
7213
4273
11412
9802
12739
10493
18931
3770
16386
21564
16138
12874
9878
16810
6095
6540
11531
2388
17644
15435
2387
20117
17032
19691
1575
22732
19143
19853
12150
12183
2527
9670
12519
3777
12662
7275
4619
6993
4591
15638
17908
18950
10748
9683
7603
2534
19269
22008
4396
2907
19349
7445
16737
383
20048
13176
4577
5253
18943
18685
22635
16864
3764
22570
7195
13329
6238
3961
17475
10284
2090
22266
11188
4809
18513
7168
1682
2809
20185
3449
12288
13136
3360
3867
8475
16615
13053
92
11937
1066
8955
5408
16048
5819
2022
16751
812
1546
20890
17146
22050
13594
924
1194
306
542
11875
18144
20658
15104
1558
18981
6110
10867
8250
8284
17804
18164
12491
10634
11071
15298
18119
15745
1424
15225
2173
9470
11954
21073
13436
18230
16500
21779
9100
8517
11136
20968
5648
1736
15068
7946
7367
13888
11179
9780
3633
13209
3445
10640
15998
15237
3201
9312
5630
13540
1149
12354
20263
2524
17645
8623
11917
4243
4555
8232
1193
7422
19157
15403
12224
20682
21931
22795
13470
16551
13971
13396
4672
8349
13799
14962
15328
13639
6507
4159
15291
9426
10927
10926
11793
5906
6352
22310
8001
3230
13522
4708
7624
18219
467
8146
2104
20151
22026
3912
1176
3263
6271
9794
4772
1706
14147
8541
15609
20241
6989
2215
726
3040
14780
3034
8204
7406
13775
1010
5898
3749
1947
22504
6724
22489
6927
2706
10755
7954
1852
2159
18275
4684
15493
17798
7410
17343
16611
20178
13724
3457
7319
1949
20916
10490
2770
14069
10701
16227
14167
18397
5401
15133
2147
11994
2902
805
21470
19536
8540
20874
13564
17432
10752
2290
14225
20812
11354
5533
2025
10347
4326
11837
4471
13093
21212
2722
15121
12996
21052
11928
21759
271
10139
17861
7782
6307
20101
1201
12134
22667
18905
8404
4465
19078
13586
12875
10910
14690
9439
10544
7725
18347
8315
12722
20797
16125
18178
10339
12825
502
17007
12299
5361
2986
1015
6028
22350
10164
22611
12833
4389
18210
16725
537
19500
2301
3805
5150
2821
13909
21302
15537
14995
12020
6270
2613
6626
17994
11850
8401
7555
13774
6996
14525
12152
4478
16129
1183
10489
9745
9739
22429
16584
4659
2651
8176
22275
18598
18930
21808
13784
5104
5398
16272
12094
19285
12425
13820
12873
16262
18873
11881
4617
3250
12733
8445
19260
21011
22663
14793
658
14523
14336
3795
17238
15763
21577
894
7681
17749
17822
4716
21778
19733
19754
12826
19375
2361
16574
10612
7253
3490
7459
19178
5833
22025
12839
7171
22773
4887
73
14364
14254
469
3870
887
17329
8010
21350
12307
18853
17497
17048
8735
7362
17850
18364
7522
7109
15664
6159
2101
11417
20319
18595
15902
19044
21325
17240
3786
21084
16197
10591
16505
13346
2058
10803
523
14119
22441
5394
2668
18700
6172
10581
16215
12478
16205
12750
13109
9868
21550
22225
3636
2880
20494
15843
9072
10057
5188
13413
16100
21069
7669
7126
16807
2532
16098
8678
21904
4274
2891
2155
7832
12781
21965
2131
85
22443
13056
12080
20290
22848
20314
2648
17538
16485
10350
11350
11131
11878
15481
17660
10445
3029
3382
22285
4361
4898
897
20918
16002
4542
6636
10091
21770
12170
17162
14020
9979
1455
10878
2709
14390
6861
16840
7802
12860
10302
15263
1060
15587
13979
8357
12026
7717
3014
17825
17754
618
1260
11809
2889
15962
16867
18474
14164
21320
1741
13307
4323
14527
9254
3491
11348
10751
10129
631
21713
1756
5878
11361
6278
18171
12165
19102
20130
17642
11306
22526
16506
943
22515
15217
8130
2328
16624
17795
16183
7295
20460
16896
797
8460
17290
11002
2883
11680
13721
12901
3151
892
2418
15439
15850
7082
1744
239
15027
7766
12984
18773
5350
20308
20441
21310
22825
11003
8913
5972
10899
20294
441
5961
15696
20110
21857
7525
1970
15078
6004
1875
18639
1158
4322
4421
17796
21987
8761
17194
5928
15992
15091
2657
12166
840
10187
19787
12300
22157
20467
4872
11129
10328
3593
11803
6887
1683
2367
10080
10838
2335
9230
5414
2512
3884
11962
2331
5823
7130
14148
21652
8195
359
4080
754
2423
3984
12046
3564
4167
883
2285
18097
2279
17295
1528
20756
2954
22531
9519
15996
16347
19955
14103
2943
6622
8864
14360
1839
15783
7642
9124
14933
8416
18561
13630
6277
4343
18604
8124
100
19863
10300
3087
18537
14457
10973
18620
9817
3162
21944
14355
9008
3073
10628
10840
3271
17964
7351
7595
7078
7056
20133
19923
6380
2887
604
5571
11115
15154
10122
8000
870
2942
7967
17501
8175
20723
18925
2566
4320
13142
21349
16888
11376
3547
9582
17595
2381
2579
15088
1232
5923
12545
21788
18852
21656
6617
18409
3458
1393
17430
2947
1165
7439
8988
2390
1022
16086
20257
22364
6904
10268
21141
9636
5970
17589
10576
9193
4565
22081
5890
20482
15676
9529
9092
10427
7007
19141
4868
3626
372
10210
5712
11453
19538
12574
22778
8462
22381
17594
18145
20581
19202
2575
20313
6624
11331
21035
15797
8121
5437
11716
37
12028
9112
4928
1284
986
21921
9143
6239
21003
9818
12339
13195
20240
1150
17428
7760
247
12287
16131
14441
16819
2903
1536
11451
22099
4079
22269
17690
8555
19897
20464
19324
17225
5933
21306
5614
2200
21238
13207
8836
5337
20824
9720
8487
15822
541
17340
20513
5149
12556
13935
6078
6139
11446
7046
14353
6842
19262
6083
19280
275
18462
14578
6564
19901
12043
6151
10592
811
18983
2182
22518
19040
3757
17684
1936
12637
21692
6994
13696
17214
13920
22359
9267
13603
11269
15791
15668
12242
2334
17786
6566
11899
7796
22899
3585
2634
3346
20596
16471
10863
5469
13730
11806
10897
791
8276
16069
10946
4701
18092
5012
9066
8495
15278
4631
13060
4140
4365
21543
21900
5229
17828
10563
11552
2701
7245
6393
11542
18381
17285
9958
1856
20523
9689
1450
526
20544
516
1137
7341
17269
11065
21495
11435
17223
16802
19237
20355
2224
5685
4069
6717
17427
5090
15804
2698
10278
13994
6654
17368
13414
7274
16054
3403
7315
12255
264
7557
21026
12195
1435
9850
11699
9443
6576
8055
12280
19263
10241
106
10615
5151
2788
19556
11103
7050
10132
9291
17578
16685
14320
421
4283
7340
6033
8355
5233
7715
11825
2228
7098
16676
548
22086
14212
14010
3906
15684
13501
19480
3559
12942
21768
9799
6594
13662
8729
22827
7634
8648
2245
3174
12256
17637
13618
6098
10216
16740
209
10438
15995
22251
15816
17525
19189
21070
1592
19916
17181
12663
10078
17876
1321
4135
12986
13905
20012
20321
4670
3168
11683
22245
10016
13521
15145
17785
5402
6080
20022
16758
17878
19759
6803
2158
7356
10974
18985
12950
7795
7302
7292
17134
16403
10998
17294
16518
5039
16499
19248
12817
1109
18491
8456
19474
21255
17509
6143
12173
11678
1908
5240
7719
10099
21774
2523
4506
7103
19468
9484
10990
6730
2511
8312
3477
12717
9895
15006
14275
2297
6694
6943
1576
18929
8717
22578
2667
10810
3646
10663
2649
11424
2938
16143
10905
9700
16495
12418
8885
3931
6291
5771
7336
17342
3941
15186
13274
1972
10745
4973
16252
2735
21519
362
20619
15565
7372
3816
9495
1781
21468
9590
10422
4899
20805
16794
1548
5927
4435
12330
17857
3911
7708
12900
3681
19118
1843
320
20550
7102
9666
587
493
22650
11118
4127
9510
13070
20885
21751
20909
20443
4338
17661
8373
15146
12142
22467
19744
20724
6003
11665
11675
3355
5069
12405
13058
22014
15922
18074
12693
14590
8652
2544
11148
16613
20153
9732
3975
13986
13597
12753
13315
7208
11048
21469
20660
5436
1138
18747
10928
16811
439
2844
8963
17892
13226
11822
21078
7792
22875
536
2671
205
563
14269
15661
7572
17621
19361
20651
22695
19593
3774
14273
947
3938
10950
6666
3517
7906
16325
13535
1218
9716
5050
9861
15785
10094
18138
13581
8823
7868
20145
8819
10190
2242
8071
15413
8044
2768
6642
13199
6990
21765
4941
7129
7682
1965
5193
74
5901
4354
12773
6998
12196
2496
6704
9632
19753
4954
13872
11072
10711
16851
5312
11334
14483
22582
2073
11689
7602
2240
18049
14872
19643
14381
3122
15190
12061
6874
15510
19308
5910
1832
13615
1718
3025
349
12560
5189
15248
1973
10030
1742
11880
14434
2963
9415
14433
7463
9970
10685
9671
18646
15279
6557
11859
21933
21010
4819
11707
8446
9617
3280
6105
11258
19008
4662
6615
5217
11325
10604
7668
1590
10996
6559
3448
19679
19328
18339
17927
9469
8996
7441
11918
2658
5661
15050
5643
20778
10137
8393
16514
1716
485
19243
6827
22155
3207
3925
3946
1617
22209
10342
7799
10598
1114
11867
21762
4523
13441
8203
10358
15501
14389
8814
11130
17536
19449
7605
900
1076
10753
17243
18406
10940
847
18033
3583
22562
2203
7890
19566
216
21275
2250
6438
18499
6678
5063
11311
519
6814
13798
2395
7117
20253
22872
18953
16291
7869
6550
15201
11471
10831
11673
13100
15698
1164
12729
14576
18420
14759
17579
19023
13377
21659
8450
9956
10999
15656
2404
8063
12452
22474
12724
8687
6303
10482
18730
317
7637
6366
18919
7939
5205
16127
12615
14704
19577
21264
17433
8581
19486
18727
10321
6343
3618
14124
12571
7283
7540
1895
1964
17528
7765
2271
22223
5208
13485
10400
3546
15931
9820
22373
7241
19384
4161
5782
16817
10676
19345
16890
17730
22802
20555
2007
18179
18912
19831
14063
9690
13768
2646
17678
7730
592
1765
8097
9647
11147
4644
16668
21102
12764
17268
5431
588
15525
6273
14823
1761
3796
21435
7076
794
16650
17948
9372
19095
17877
9898
21217
8764
3604
12927
12573
14813
14099
15472
13146
16327
15847
21749
3937
21541
19129
7844
2380
10688
5257
6763
15322
12003
17654
12726
20998
22355
7121
12853
11677
18203
21531
12232
8358
10031
5147
18004
7427
15651
1639
21711
12892
15925
4796
4424
22388
2376
5191
22122
1410
22547
11847
3313
6161
6109
898
19629
8766
5075
8332
19461
21579
19740
2441
15183
12849
964
11440
20902
13065
20055
3910
1905
3108
21202
3435
16390
14816
5261
2969
19855
7856
19056
3623
7318
886
12408
9699
865
10452
22104
12013
20509
13216
18009
14835
11298
22877
14567
10112
6828
7399
22760
2312
11122
6087
6649
7842
15618
6983
7883
5783
5940
9243
1220
9224
3630
6103
1094
3216
11896
11997
4071
8216
1669
2849
20309
15287
19540
1071
14387
15208
13437
13073
10913
13577
11391
19406
17481
5785
10008
13960
9055
5156
2933
15303
15452
12692
1483
19931
19980
18870
10285
11717
20289
12510
19871
12293
17835
13864
5116
10048
872
12264
22595
19332
2876
14197
635
1809
8666
7685
15037
11086
4175
5097
4385
16579
10778
10758
6265
424
19762
22390
9629
18407
21279
13443
5118
14667
8809
8598
20532
15047
18799
1776
4457
21586
13918
14086
19106
16641
16938
1202
2853
5223
21486
16062
6231
21117
2428
14141
16022
8451
2135
8661
8740
21833
19751
11124
22867
14150
4728
22494
21880
7966
21033
19281
21442
6228
12713
3154
2311
9300
12955
7565
17206
1042
21766
19997
10967
11
21745
1805
5697
5302
4916
7886
20876
9198
10002
17266
15989
21980
5794
13401
7621
6960
16770
2303
13415
13821
12382
3725
4882
22378
4367
1262
7246
18123
7853
4157
17306
9274
8699
18467
16839
6405
13427
19879
7128
4454
22344
16549
22409
2897
888
11125
19022
3602
10616
1798
12538
15674
8682
16908
11854
21239
8748
11374
5422
17709
17553
9557
10020
15974
21359
22559
1091
22606
17421
8733
729
2617
4634
920
1187
20303
2749
8630
20888
9448
437
6096
5418
19489
14493
11995
2128
1195
4310
2384
15053
4633
21270
10932
16607
21572
7549
21280
15026
6082
5196
18246
7148
1186
11223
15206
917
1603
5917
2543
19415
6257
22859
7615
10322
574
20503
18405
19047
8502
15008
7271
5277
4782
13589
11352
6527
776
22549
3671
2202
21924
17596
10463
16447
9512
8849
19859
21094
8327
4842
1610
11694
18506
10786
18022
8348
2249
9178
5447
10483
7310
9940
19947
8592
13147
16936
19520
9913
17883
18111
19941
9609
17093
17226
11081
11275
10901
12870
19466
16773
2270
634
12891
4939
21040
22510
20279
20234
2588
15136
6773
3957
19467
555
14138
13559
18447
5363
20691
655
6025
12487
13873
10390
6361
15036
16583
1754
3012
7430
21384
11857
3331
7777
3406
11860
3148
21132
4052
15239
15175
8399
22221
20952
7045
7342
4252
8994
20011
525
17803
1803
20021
16066
3274
7790
21610
22270
6338
15180
11186
1451
16494
5365
17524
3478
9762
16627
3007
11693
13057
2525
13762
16619
18169
5920
6170
6788
11865
17302
22303
17366
18258
22603
4791
18062
250
22258
9996
7835
16980
6964
22839
13601
2729
15511
2047
8686
9305
14789
15772
19712
4419
20310
18488
4318
12218
10314
17945
1976
14184
6317
10386
8912
9555
7828
15436
1668
11760
9885
3236
12547
14600
21221
12403
12065
18868
12544
21387
13488
22568
21307
3587
22036
4235
7635
6260
12751
7465
2440
16249
14797
12758
12522
594
16501
9047
21257
10297
4567
3551
21098
2111
399
12890
13599
18854
22879
19473
21477
9056
16591
15584
4416
18516
4362
12308
20395
2204
21126
19704
3196
3270
4043
22586
1436
3781
8085
17209
21575
7289
139
6446
9137
2289
22608
20297
22379
22620
5225
12261
2028
20329
21738
16812
21668
12326
18992
2666
6929
4613
8588
22133
11351
1902
19123
1190
21030
16746
14208
16540
17102
10235
7775
3581
5152
16271
15313
17230
17747
7980
21401
7257
8004
11900
22775
8184
7579
4643
17540
8222
21404
8079
5924
3054
16789
2761
16512
4798
19675
1234
5793
19756
21872
7592
18945
16330
22656
6356
20052
4247
20339
2369
18933
1996
20423
21901
19642
19132
8827
20763
19121
20598
5624
20722
17059
12475
10744
17244
9021
18645
8288
2581
19216
2563
13271
21972
8898
22340
21757
21081
953
295
12543
6288
15758
16885
16731
3038
18968
12366
8218
12466
15803
8158
8005
1474
14627
990
6578
17966
3391
16532
668
9746
10315
14910
15063
19694
4049
9984
20719
1157
11398
5551
14948
21710
14641
10742
3718
15243
11608
14500
5525
20455
11013
8117
21799
21677
19647
10461
1722
5710
17993
10287
10566
6205
10152
20980
2937
14327
7618
1752
4691
10399
108
19001
21333
12001
1940
21723
464
7293
7539
5404
13086
6263
15615
9064
22237
12882
21488
14199
15581
18065
6122
21918
13373
21201
19119
18215
13119
9982
1348
734
15321
17907
20607
19343
1645
2320
12968
7755
6536
12909
21455
2785
18184
17657
11963
6119
9456
11362
557
833
11849
18290
7619
18728
15194
10254
4677
5268
8259
3798
7431
2561
9936
13708
4675
12032
6282
15105
16338
9976
9068
10115
22398
16563
17129
21100
18329
21667
21785
10549
18054
19205
20111
22380
6210
21521
19321
13543
15968
4723
2539
9727
19899
17626
12203
499
11185
12088
6298
5444
18451
8522
1197
6141
4090
10808
11619
15370
14496
12804
18541
6629
937
5586
21079
6906
963
18117
9480
17631
4810
3454
7159
5216
20155
5770
6825
20911
7167
15807
5522
12071
19816
5599
7976
12025
1034
19935
18264
1960
11390
21772
11562
14988
16541
3438
16686
6908
11187
10355
12948
10014
9584
3300
1691
1755
5601
21947
10397
18146
2660
11290
19395
14251
13166
3900
14833
15406
22466
14777
14385
4826
21476
2193
10401
5795
22677
2238
21573
8722
12030
10971
1025
7613
13208
17736
18736
15790
3329
16543
7862
12594
7152
11120
4107
18025
19968
7254
8930
12998
12912
20500
9290
8103
7143
12808
19259
12657
10630
7590
3200
1950
14289
5567
10335
13525
15984
11160
21125
16719
15356
4837
8747
18660
15147
20272
8804
19809
3902
1372
973
10334
1883
16462
19574
756
2255
2340
2146
3755
10961
19957
17973
14912
8369
14314
17249
1110
7063
3576
20577
9661
12386
14495
19877
12130
19843
17974
7535
8339
18458
10587
14617
8709
21457
19531
11503
9800
22799
19760
7969
7216
11801
11383
21516
3024
16491
15780
7928
21175
4271
20124
8365
7110
22696
9912
16396
6214
17018
19471
16346
18182
19667
4597
3101
5909
13478
723
1935
3529
7866
11303
14871
14549
9350
19612
18676
418
22334
12681
19472
16809
4412
5426
17602
3380
10233
15197
19825
5534
11682
2309
14703
2615
1657
18895
15643
10073
2967
14537
7429
19427
227
836
7264
18341
22040
9048
18204
20629
14054
15112
1525
6274
11299
13720
10306
11387
22854
10590
15520
6815
14935
7839
7972
11420
13693
10131
3789
12063
22141
5130
17756
19414
7798
6732
15637
8991
22842
18642
10324
16096
11038
21716
21665
12283
10221
6645
18574
2752
2294
956
12035
9218
9995
5281
3807
1735
20251
17734
5501
8368
7996
10722
22287
7895
4410
8181
14237
2676
16335
22401
208
17149
20588
11679
21467
9487
20661
20899
7338
2632
151
14218
2708
12975
7560
18327
12531
7620
7204
7002
19727
7848
17303
6305
10465
15130
11487
14091
10267
88
9060
3986
7984
20930
1703
15562
8512
4770
13335
10403
17381
18938
6192
14746
9768
17022
6890
17926
3523
10942
12680
4066
8515
8909
8178
17620
9157
11431
21847
4841
14210
1920
8169
1692
7106
22516
15038
2277
2324
15042
8869
5588
5937
6846
19596
10269
11655
18005
4411
13700
3674
18543
1463
13358
4812
6612
13678
13393
4673
11154
20982
19588
17016
7011
12521
9392
21058
20109
12017
10313
2988
14819
3258
14112
7421
6915
15987
9675
784
9773
14543
12567
7324
17732
14842
12440
6034
3989
9053
8755
14657
3972
7036
4300
5134
21797
10765
6956
16782
18297
12220
14426
17516
20707
2278
20811
16977
20507
5389
2227
10606
5521
15890
14198
18000
9793
20307
10480
4570
10798
12051
9568
18101
17881
17755
10729
11322
2366
11084
27
20104
17105
5943
4803
2506
19695
16966
7762
16837
4280
13311
10989
22680
3722
7659
22524
8059
3452
14055
8322
950
6952
8650
5369
16448
942
13967
2385
14043
9475
6412
21372
15644
19575
15868
13353
9332
7701
2952
19827
19820
7993
14031
603
8664
17265
4104
11743
20770
4949
21301
11200
7797
2681
1245
2574
4291
9752
21496
1642
3050
4745
16303
10528
22265
19492
12820
1278
1059
6355
10747
20728
4152
21354
8663
22386
8468
3189
7327
6093
16268
6646
3026
17773
6216
17741
21654
18270
2638
5860
10869
20808
4711
21451
2264
14640
22833
4386
9409
6211
21429
3354
8249
10232
2884
4250
20150
21487
6150
10364
20914
4497
20671
12742
14313
17444
15778
13045
10824
7521
16387
22491
14068
12380
8503
1549
5074
15646
20184
19737
16439
438
15166
3935
22653
4804
20828
22594
15829
10501
15659
1944
16219
10432
19398
18343
5287
15464
4513
3699
15134
7165
22007
17339
2732
13787
3926
13382
9649
16548
3502
16958
14128
20717
5298
3829
2453
393
2840
7614
6832
3918
12823
13863
13312
7747
12756
1845
12850
889
619
6606
15193
1486
10494
9876
22564
3194
1288
15551
22201
16170
305
16771
14729
3463
1900
867
10213
18602
1145
13126
5175
19093
17523
2922
16705
11053
13652
5462
2330
6721
12655
11546
14852
2599
5154
17437
19908
2703
22137
14899
20875
17063
4164
1417
10416
1975
15800
21223
3474
21852
4129
2927
11906
17780
18899
16037
14122
15482
14217
16020
19209
14497
6372
2625
7997
4294
14609
10991
17407
3977
2023
21116
17707
15786
2507
5796
442
8402
8190
13375
7408
21262
12973
17590
1822
11808
12989
6347
18267
22356
20097
15854
4863
13989
12929
14377
8803
14290
18209
21709
18197
16692
1977
11514
17061
19615
5855
14132
18157
18626
21263
22884
6023
20129
16730
15973
8376
13367
18464
1100
1265
7898
15433
21122
16006
9256
18990
12806
16842
1709
10294
7673
4756
17019
14476
7206
8526
17049
17450
1189
3686
9195
18648
20516
7829
12577
456
3794
1937
17947
15999
9778
13049
19460
9658
7625
20898
10725
22766
293
7269
14230
46
5371
5649
11990
5406
20096
7027
11684
1514
12800
20324
1062
12941
15574
13276
19903
17236
19873
240
15045
18256
4428
6290
20063
16074
9373
11375
19867
17030
22602
9442
21750
12532
7420
16795
7484
7975
10812
11521
21018
6168
4871
4834
19199
19109
7757
21568
12419
9433
8768
12207
18720
9693
22002
13591
3338
767
21151
529
16948
13626
11765
17033
3934
15401
7435
9471
19721
8684
14783
10166
19233
5446
13632
29
9147
6423
17151
13390
12436
16450
15777
1860
16285
18833
17563
109
14836
11767
18370
15264
17253
16475
4850
5629
11613
4103
401
7919
18941
15582
939
14466
1521
20325
21345
10512
7662
5153
15492
7628
2795
14511
13468
22046
17335
16760
8444
9528
1254
19767
16050
3682
18020
22198
10727
15137
22027
7735
1955
852
10307
22558
2728
19725
12565
11817
7955
21663
459
16076
15426
9665
21107
699
7517
3260
6532
10151
16942
13991
16046
10733
11876
909
17101
22896
14049
11926
14310
15043
1491
13690
5155
6128
19669
9329
9122
15165
7573
12784
6772
3579
20159
3594
18122
22569
16186
16590
17113
17127
19100
17456
14713
2269
11369
8653
9882
4508
411
6330
10620
2027
15451
10333
17774
17467
21748
11842
14107
1099
19309
6547
4807
213
10142
7074
9829
3537
7784
13205
11833
9987
1984
21199
16567
10637
22010
16221
11818
13500
5061
10375
19250
6127
10396
2898
21976
19420
3212
12191
21256
1430
13933
18742
18753
6287
249
9804
3158
13001
21937
21089
934
1046
22032
17023
20800
2142
10309
8853
3248
4806
8797
2845
15383
7413
21188
1651
12631
17370
5672
17482
16175
14024
21367
8150
16752
6491
8160
10835
10001
13389
8908
3657
16498
12728
8897
11868
2636
20345
1654
9325
4753
11484
15895
39
8151
20344
8396
10547
11731
22085
1952
6336
18686
18142
259
4205
11660
7748
6775
799
16522
2894
18862
4771
21839
7786
6877
12969
2518
20000
14062
6477
18262
5186
4241
9257
15612
19872
7538
19711
3619
19450
9761
3032
8309
15065
13014
3476
16435
15256
3447
9639
20190
15266
16106
11344
11979
4801
5144
17665
19974
7291
19638
10981
3654
8609
5390
3192
17992
15976
2994
21882
69
22183
18136
9891
2117
10377
14283
283
20204
8375
22423
10021
10540
18920
4021
15097
14326
11888
20590
9263
16417
7677
12625
11830
21899
741
10090
15633
21300
9356
5440
9499
19193
22349
3085
15712
16648
12493
8844
9192
9929
985
19719
7132
12961
608
17088
2981
2564
14248
18749
19232
14202
8149
11848
731
15971
20374
4700
18614
1780
7464
8428
6037
16829
14236
6485
3046
20483
4778
14897
18502
6191
6101
13817
3930
19295
3704
5704
18656
18043
19715
1413
15066
6335
4409
4059
5354
9057
15681
2815
21397
6607
6500
17591
4537
19312
2410
19958
20173
15616
19722
15655
16413
3102
1757
22211
13313
12497
202
4665
5351
15496
19506
12416
2293
2959
19736
1968
13595
22144
1934
16099
22459
17845
7826
14894
952
911
9421
10473
22575
15274
18871
8260
190
10150
4115
8257
20108
14477
18813
13689
1901
13449
18529
16781
20703
2103
2082
12096
22660
18650
10575
4840
795
1212
1177
14802
7384
8307
6928
12169
14350
22613
12731
11566
12664
15015
6294
9634
18400
18888
9041
19220
8187
8199
3649
7515
16378
22229
6018
10525
21721
18263
14513
3063
22769
19539
3516
10340
6905
14396
2349
20734
12460
2287
13288
6707
11059
9069
20892
19388
22406
463
7714
4531
18849
11098
1360
12056
12933
1313
10542
1383
13196
18936
7255
16652
20895
6275
18954
17334
16722
12694
2825
9191
14274
17000
12455
16850
12304
20628
17288
12364
6284
7125
11428
16200
15060
3790
13295
19780
22243
18834
15488
16363
22226
7059
572
20863
18279
566
6745
498
521
11661
1951
19267
8449
18471
3276
3083
15117
17486
14721
9905
22222
16217
2738
21926
11882
22291
16766
585
17273
2192
19589
15169
14078
21740
11794
5242
6254
10478
19697
12827
3373
11032
4725
18481
21525
18996
16582
9165
15667
14339
12112
2010
4629
7313
4413
4764
16947
8891
2110
17322
8383
15993
11444
14735
7433
21129
6813
19358
11648
5543
1784
14021
9438
3962
22548
7958
16973
18669
7200
19592
14305
12473
3290
11873
12429
10374
14700
13604
11286
14116
2121
4475
15051
22253
5159
1277
19313
18825
18988
1980
4446
6494
11614
22124
19188
18194
21729
10713
16047
7225
1142
11982
6048
16629
21532
3437
5857
1850
17039
9601
2878
19590
7912
12036
7297
3980
18665
4981
6373
8589
13255
6295
1635
22540
11726
10589
15290
10624
14955
11091
9079
1919
6715
13802
1712
4272
1867
6391
9453
16380
970
8098
13512
6871
5276
3414
7921
2281
20891
4131
9593
15202
18143
651
3335
6147
13407
10418
12685
4923
4473
4769
6163
3039
11006
1203
286
10986
21072
14570
16088
225
22403
6708
8915
10361
9088
260
11021
5925
3669
3002
6859
6407
18838
3703
8333
1285
22544
21522
7736
16440
2041
9930
10573
11636
14028
7501
20512
19049
17860
6440
583
8547
16822
17663
14792
16780
2187
14152
5330
6841
11811
1389
2345
5110
1696
19326
15975
8409
18575
7584
15139
1146
5296
17352
20692
7265
14235
21436
4181
4686
16695
19951
7599
16554
14398
19826
4356
6055
16392
9864
12115
727
915
8839
22013
4110
5600
17267
13113
19597
14072
22566
12495
8706
2584
18906
919
8583
18484
1876
1112
9093
11285
1097
10906
13163
19103
3461
20795
6823
13691
18601
4713
22777
215
2327
8363
17417
14130
1933
22020
640
17069
3096
10123
18641
2742
7904
13440
3383
13890
7358
8936
16978
9070
16072
19366
2337
6696
413
4635
12869
19075
10818
7989
127
19138
18413
21090
14874
2168
3056
19850
16733
7723
20158
21281
1482
9900
8305
14623
16449
18761
16883
18713
4340
20350
14018
8227
11411
11713
8701
18334
8304
1693
20642
4028
830
1484
13272
19944
21685
5452
3799
5273
16631
14699
15724
9084
4166
21943
7527
918
769
21055
13868
20620
19336
21317
8855
12083
11279
14006
22049
10554
17053
4734
10993
1588
1457
22496
4640
14647
7496
10363
5789
5921
15598
20215
16391
17517
2186
1953
14017
3064
21817
7169
13843
17250
11039
20252
9396
6371
22810
18390
21379
21371
18605
21854
9187
21753
16492
4234
20745
4534
22196
14923
15096
10669
14648
2054
11380
3650
7824
7030
7887
15744
2596
4335
237
13511
19710
22142
21735
12200
16552
16222
9273
22267
7879
11414
26
14041
14571
6869
15714
8926
21827
3415
7896
2867
21820
4611
1367
2964
16786
7303
6217
15210
22317
4321
8262
3768
2823
20774
8647
15557
22577
3609
7330
4358
4169
7395
1447
5128
10222
17228
8631
6312
19210
1989
4156
6720
17167
21123
22610
13406
6272
5537
2177
4379
15077
18479
9637
14263
17718
3509
1139
841
4047
16745
17920
10667
4982
12535
14811
5919
19546
18452
9790
7707
6851
2608
8002
9613
19932
19912
10460
18045
19645
21542
18432
17471
22154
21935
11436
12887
11014
12769
6826
21295
7691
9962
7043
3125
17104
17388
6884
8875
17972
64
16033
15475
19876
15240
14917
1240
18651
17349
16555
18898
17166
17092
16713
14591
12077
4518
9298
12004
21437
9949
4687
8868
13666
17758
12581
874
5329
15219
17980
8683
4153
6840
5387
15434
9370
2700
19927
4398
7778
2291
6006
3226
8970
9691
19665
1760
2751
1493
6008
15958
16059
13926
18818
13212
5746
13041
4894
17829
7892
16763
10096
22779
14008
7926
12793
4666
828
6079
12163
7482
11110
8525
8099
3233
14356
11533
21324
1734
19264
321
2036
12689
12174
14937
8646
15755
4512
3143
10402
5275
18653
3118
14575
1398
2928
15650
16726
12058
13250
16870
19959
21230
9352
14936
17485
10568
21793
21596
12529
3968
18932
10807
10686
14420
21227
12897
15739
17090
8728
17393
14409
11302
15020
16680
16537
16367
2750
2185
6132
17182
18723
15738
5773
6848
193
13111
11113
4669
4527
12712
15337
17424
12895
20084
3802
9420
11816
10133
14045
4458
13028
16754
1877
8134
8431
3843
83
21909
18597
17114
7889
9109
281
5964
9253
15654
19748
18702
4759
12659
7849
16572
19275
616
12554
15224
15230
14319
8643
6985
14826
9108
6097
22416
8220
11844
2600
8352
14417
6451
6240
2239
18572
1583
21701
1723
21013
11543
1660
3369
11126
16573
18584
21447
1074
2790
19895
15107
14412
4608
12698
7317
14982
2779
10362
228
8933
22729
5969
3698
4015
8870
4258
18396
10679
3533
8697
3183
212
806
8546
13123
20785
16717
20194
18055
21137
5145
1167
1196
21737
21905
15564
9892
21822
6040
8229
21229
14376
20705
3115
10344
7218
8139
12147
16482
787
12980
13985
3730
9289
7950
4370
3193
4070
1946
18063
9543
1324
10955
15733
7833
22601
12095
3949
7965
15177
11087
21087
20323
3814
16504
1344
1616
12977
6514
9054
22062
15058
19230
8679
7003
3267
3310
1004
11416
18675
1848
1476
20039
8353
17348
17653
8083
9903
17241
11213
10394
20452
11925
13013
7768
2314
5047
9935
16774
19915
3610
7411
9260
16889
20536
18738
14205
21902
21767
20067
7118
3234
7443
7689
14249
8109
3487
3239
17628
90
1171
17401
15059
22096
14905
12528
1530
14036
14656
7860
429
16653
20504
22880
22160
1720
4805
2190
19098
5523
8170
15152
3959
12893
17235
645
14486
11199
5506
8557
18631
19252
6424
19689
14658
11479
14393
231
3662
21747
3133
10949
13178
5102
16014
4119
2804
20358
20645
12101
14388
21807
1786
7466
9333
19354
14927
2141
12198
15234
6639
5981
11316
15626
12908
19476
6864
6999
21076
12167
20880
21949
4504
16962
6085
22033
16561
7927
10760
5428
15418
6443
11555
1677
6266
11082
11635
3648
8350
13718
150
3152
16168
13404
3614
21191
22149
1485
19677
8942
19550
11128
12943
19437
11912
10532
17636
16502
2621
17178
1401
16383
1327
13020
5772
12120
2120
81
18071
5288
11078
17575
13988
753
19646
4510
9945
9960
3679
13211
9842
8719
3747
4232
3132
3815
4430
10682
18448
12111
10193
19261
4038
6711
12217
20245
17131
1029
11958
16036
5432
5456
14886
14080
2919
3965
14262
19849
16820
591
6748
20648
20235
10468
9819
22574
17409
21859
13071
4325
2130
568
21441
18039
16011
16331
21512
7196
11005
2818
9374
12114
14800
22361
17121
11983
16846
2929
3135
10806
1364
10423
20016
1426
9627
13085
1894
2251
18592
18828
15141
10621
17933
7733
8559
15906
25
19423
2827
3702
7640
2042
211
13285
8282
3893
3214
9797
5220
15595
10319
204
19011
8544
2299
14196
18986
11729
13000
18568
8995
13507
2775
15086
5221
1700
11504
17251
7333
14430
20866
6754
3792
14145
19965
10420
15171
12700
18066
21964
1219
16920
5059
13173
11184
16145
10954
6951
10883
20781
7328
17757
8822
2528
18102
135
14371
15200
2306
13509
16021
1283
5705
7873
14231
20343
796
20335
21756
20884
16546
428
14134
5505
8356
17633
3746
426
353
18774
7550
6726
20040
4663
21332
9169
6571
18588
12557
6621
12723
19183
15585
22311
2640
20271
14688
14298
6013
19409
2873
2150
14246
93
13717
5415
6549
14895
6561
6812
8207
16601
9417
15579
15261
1466
10411
3591
19470
6870
5278
14516
9640
19341
12479
2674
15375
10934
3531
20462
4914
8659
5634
9483
675
5800
7587
3887
15991
22721
11610
22725
11229
20316
899
1577
19752
17873
16790
5639
15812
2248
120
14053
21746
19933
814
13050
10486
13419
19861
21113
3780
8649
527
11301
7343
4355
8591
14573
7971
13948
13619
9910
6538
20831
1043
19545
7983
22305
8527
4997
12228
18875
17646
3275
21777
7978
4925
3617
8197
11058
22517
15708
1927
9681
2622
19567
19784
8567
14277
20348
10732
12607
2939
9742
15173
22038
6207
21158
22297
8513
22521
17196
15419
4366
1249
13923
16674
11389
768
13625
4453
13621
4005
11101
4720
8137
20320
5403
3761
8338
13800
4874
11642
21877
7709
15775
6021
6630
7249
5430
22205
128
16389
13706
5987
6575
11204
15765
11233
9385
2605
22385
13302
22759
13741
15002
12089
19362
21020
5900
17036
15509
9489
16209
15815
19071
1069
21810
16557
14501
15900
17044
22057
6805
6585
12303
8386
10517
7724
10276
9855
1238
20378
65
22118
11093
14297
22114
17543
10406
4702
12889
11040
6934
15923
11718
20709
19416
20242
9619
5632
11804
20031
11886
12699
12420
10040
16761
16082
15203
3845
13115
1332
15064
9560
3599
12317
11527
16283
11551
3728
22584
11171
8857
22194
19145
3147
8554
11438
11773
903
5808
8966
17717
8128
590
14227
4125
6268
20772
14406
19846
12810
6354
2288
21491
2032
13299
22348
2295
2931
13016
19018
4353
4693
15336
15028
12624
10208
13910
10299
10475
7398
5078
3919
16142
17515
2771
20107
7547
15046
21139
7462
3716
18222
2799
21887
14220
8328
845
20933
5566
5120
7309
2105
20994
2201
17259
16178
14294
22366
1885
5141
12286
18567
5131
21915
18546
11897
3001
18324
22254
2351
43
14126
10707
21291
2731
20246
10105
7764
13710
10502
1346
17634
17765
12711
22604
8397
2691
2609
6980
3378
6957
9111
17055
10627
506
22239
21717
17095
13198
15823
7211
11537
3138
22776
1929
9953
3181
13420
6756
19314
8458
10584
1680
5109
7878
19435
2546
1643
9644
3696
15675
16814
16040
14854
20549
3544
1469
6232
15030
6991
9626
3006
3992
4827
13219
20867
4559
10018
20042
236
5699
15052
14545
16024
1889
22016
17820
21425
13417
18362
5416
16164
21697
3641
1986
16764
20530
15031
8268
17096
5986
14538
6762
578
16333
19329
4783
7661
20993
17791
1048
13658
20706
13523
18196
1924
19613
17042
20087
1626
292
15162
9884
533
5947
1392
19693
7172
16684
4450
13133
7469
18140
1303
15867
4658
1049
4714
19619
3676
18011
6326
7017
1415
5421
5355
12411
6640
11195
13770
13679
20296
10382
20232
16824
21251
11696
17836
22259
21277
13144
8757
12074
13158
6183
4056
9485
6853
4405
18993
16635
1658
7953
22171
7127
21330
13977
1634
1363
1925
2949
3952
206
21235
8564
22219
17713
19126
17315
473
1204
4689
12423
14503
9932
8632
819
6689
13139
14969
2169
6249
4400
20746
2197
5666
6457
54
4004
11297
5602
16519
22414
15944
18609
11402
6965
13906
19439
6236
10160
12488
18131
14334
10484
5344
1358
12627
8100
13366
6131
10513
17445
14529
4034
3042
2992
18234
10293
18090
13590
14526
5541
19089
20726
12239
15504
13912
4077
1068
4381
13663
3156
12428
13998
8745
15731
2909
18428
21318
20474
6558
8696
1869
8157
20702
14766
5591
8359
3136
8758
512
16576
380
7999
13970
20973
14585
10242
22819
6241
22765
5294
14960
8599
4671
10168
5443
8114
15555
3067
17863
13027
19448
746
4236
8542
1290
12310
5907
14619
5620
342
7552
21725
3973
6858
13517
10204
22368
20489
21892
3647
20575
21661
20477
16954
12516
8345
16126
4463
12589
17239
15185
13154
14331
17859
185
22164
6319
2806
19097
4904
14061
13331
21184
18363
7935
22487
13575
8621
1956
8669
22855
5103
4514
22665
21860
2352
9743
16886
5676
18310
3855
1731
15373
18379
7453
17830
20540
8465
12669
4592
14698
12818
5324
7840
10101
8693
17846
14598
19241
13064
20354
17739
3375
3627
11323
6256
10485
14014
7350
12281
2064
1269
12216
5095
4459
17961
775
11549
10890
5046
19717
1312
1565
10446
12857
11650
6751
809
6175
12536
10439
18032
17217
17535
1037
12105
2813
18255
6572
4724
1308
20041
12298
13137
7512
144
20579
15477
17163
9035
16756
6731
1771
16295
20333
5824
3766
12500
8066
8725
3974
2170
7023
2578
15498
22354
13596
17526
22541
19036
22511
6118
12045
8523
11319
2207
11056
11905
3629
14697
19214
22822
6038
7568
7779
11224
14562
12868
16483
19705
1943
9389
8739
8433
6516
273
11932
12278
18934
21254
11456
2824
15270
7199
15566
14306
4348
20298
20688
58
17395
18617
3811
9362
20032
6644
14243
21074
8635
4705
18218
21700
4862
15029
19746
17218
5915
20806
22814
16208
16628
6374
2934
7591
6958
10280
1632
9276
6129
17483
18266
534
22458
17484
5202
5637
1674
18159
6854
6697
21948
21053
8956
17988
21828
758
1381
3697
2816
4451
9707
6012
21363
7903
9272
14012
7843
22893
15213
7485
20959
15108
10520
17420
16729
13150
11394
20461
15466
16332
1612
885
16835
9482
4674
2606
13374
9279
1452
16897
21131
17564
11341
14564
2936
19656
6817
12458
21699
21886
7436
6560
14059
15610
17463
19946
10476
21744
18612
7386
11372
17781
19441
3655
2074
18300
9663
14222
19338
10773
22234
8645
8102
12579
10126
5211
21375
21269
1041
4786
5780
7094
18952
1891
2645
3729
717
15089
4332
14335
11634
6421
22276
4042
19115
3000
12790
10186
4853
222
6017
1808
20123
2626
17211
5879
9999
4163
7323
8473
3522
14628
8550
19565
864
13134
2828
13624
18989
20861
14643
22339
11409
4466
2244
7396
2582
17520
14902
96
22316
18634
2673
11836
4050
3167
17614
5454
8532
11617
554
15049
22136
5767
18162
3866
532
3352
19051
20819
15184
3813
9153
5589
5455
8335
16441
22804
7224
3565
11407
2971
19814
15179
5448
12206
13709
11864
16721
5132
2754
20233
4938
4324
3562
15178
10887
2802
21504
13587
936
18374
16223
8625
2997
16895
12766
10308
13332
4639
6528
16882
19038
7308
13959
12070
8273
11121
21763
16015
14522
2246
579
8772
18903
22836
8536
895
17464
21863
6628
9816
4357
21846
1873
19868
20729
6381
5918
11670
21096
22805
21433
2071
20696
3157
16609
11529
12211
7151
7307
21993
9679
18908
13473
5963
12768
10092
19455
2572
7817
10466
8497
14040
11901
5619
1581
15102
21274
9097
22101
10972
3688
1739
13804
20468
19086
18630
18265
21992
20701
19092
4122
21953
14824
8314
1397
13578
21895
21875
22067
11241
4387
14348
21629
18274
11892
3049
7612
21265
19438
1799
16664
14904
20922
3558
9077
10270
14284
7108
5849
6753
3497
8371
19670
10809
12542
13588
11070
792
17668
7998
15535
18052
1604
16261
7940
12347
415
1713
8346
21773
19584
18408
19224
13213
10499
5584
20030
2623
2140
4183
11891
9102
13447
8360
16950
7710
15019
9659
3256
21998
18019
2923
8344
19637
10231
12144
3970
15440
18947
13765
15281
20747
10578
21578
5702
5476
21916
19497
19315
490
3016
15347
1573
2697
12226
14270
20537
1859
3252
3596
6124
9091
13091
12898
8707
17213
1711
5755
11445
7354
20287
6051
18404
8703
18228
2217
9792
8644
21645
3988
8496
3481
19799
10877
11832
9036
16270
21856
21369
10700
18463
6995
9152
15734
16618
22709
17418
3574
1250
18353
13384
15657
20138
8292
20738
20995
9677
5299
16939
2318
19392
22296
6992
4350
3345
19956
7594
13902
11336
10311
8749
16868
9646
4822
5774
6445
3663
10839
388
22030
19399
5079
9268
8510
18034
3224
4472
4897
8168
325
11709
15756
16834
1341
19854
19514
20420
21689
4814
16524
18939
1221
678
19153
1345
17999
1461
21443
12158
16581
22493
4498
10639
17662
13874
10035
18621
9121
13927
12643
7680
21883
19652
20743
18205
7593
21244
17587
4589
7576
21609
13950
22022
5283
11295
19551
10084
18486
14921
9447
17643
7432
19327
22329
2272
2718
3422
19238
18158
7601
9398
2039
5373
6369
10116
1126
15057
5425
18126
474
14301
12754
6474
285
10495
2744
11946
10323
462
19215
12344
5139
657
13011
3436
6186
14906
19635
6670
18229
51
15067
3068
17404
11489
21241
17909
8695
4715
20206
11112
22446
18320
15983
22655
4877
4602
10470
3839
2354
17539
21266
6331
12199
3470
855
15507
1687
17487
16090
10113
10167
13034
10988
1178
13672
16578
2494
8018
2540
11728
18392
547
6618
14731
5959
822
8651
6573
9924
21315
9203
10649
19838
20367
13107
13225
17258
5983
13464
22202
9270
9462
19099
6178
457
21454
17627
9915
10356
4961
720
14946
7938
15506
6146
4815
17408
9292
3836
19240
12039
7852
2133
21085
20859
18957
20459
5395
10893
7418
14504
2089
4625
20699
9977
18790
500
15062
10464
22166
14748
2435
21140
13881
13617
5912
2357
12563
2490
5816
20125
17611
19942
21493
17762
20894
18459
14834
8840
16784
12106
5393
2935
12108
14944
15245
17333
21719
14559
9422
3103
19478
17364
4924
9179
15928
18698
4856
1932
17790
19651
18608
680
13159
10708
17345
13090
22557
12858
1331
11831
7767
17675
9583
6123
5594
2974
10633
17952
1806
20299
9419
15773
17058
18944
19940
12622
9825
16057
12855
3413
12399
12010
8832
21001
10694
14403
961
15070
16732
22763
1512
13699
17468
3220
16568
20229
21041
8196
252
3498
2401
9769
22605
21490
14354
15647
11984
11425
4760
5057
11973
8009
4797
17814
6605
13793
9405
7524
12059
8890
16429
8347
8655
16520
6580
13901
10600
17570
18594
12126
17271
21790
10652
2979
14739
2647
2332
1794
22447
7630
15283
19318
17262
10261
15041
16531
18079
2375
6121
16828
9034
19151
7930
18539
16243
4601
2603
19029
5727
4987
8858
11314
11516
11887
2084
11481
10249
20115
22658
8947
3209
20881
20069
22313
9997
22878
7448
20878
19242
6195
19949
1818
4889
19990
2746
18998
14038
14359
14077
10194
18623
7900
21979
20256
12963
7419
22341
10292
13290
1123
8636
14664
15443
1814
19658
8629
8219
19834
5231
10005
19031
9872
11874
10353
5569
9881
2062
11023
11216
4008
14467
21176
12626
14082
13131
8688
3451
18625
7000
18371
20714
3119
13201
14123
14818
11795
14329
5433
18259
6351
19204
1475
11600
5084
9972
11858
7387
13745
20342
8960
11418
10671
129
2661
14498
20815
13913
19117
13622
8054
2184
7115
8174
13600
1473
17805
3213
15012
5691
4377
10161
8291
13669
22751
20188
6818
4378
187
1296
5718
11366
5435
12744
18106
397
4953
3841
11193
13928
10434
2895
10318
20851
11748
6593
13606
19510
3501
556
9551
4557
2276
789
4541
2601
223
12296
14037
3791
15505
20551
14253
1471
18326
19198
1911
14281
7476
14278
13677
6138
7377
3093
10419
1732
7545
6251
6872
19033
9706
13037
5806
2504
7337
19662
14366
22682
9801
1539
5499
2006
831
9293
19413
662
10709
7252
22480
4869
18640
6967
15614
11218
3592
220
22579
3608
2359
20264
7058
22596
14383
14341
8983
18001
13261
4065
289
14352
21006
4415
12974
1247
13387
16237
12257
9525
15560
6337
22076
21169
15563
18247
2777
18655
21482
4641
10277
9821
5897
7261
22881
16757
16661
9410
2778
9158
14888
14918
5270
3817
19664
16349
11761
6750
3818
21489
6733
2685
22748
18321
10407
18679
8945
5791
18375
19094
16556
14400
6891
9678
6388
3324
5020
7917
11840
2313
3620
10918
3936
1419
19544
14005
14743
7442
12193
7481
20987
8737
11559
22670
21109
11360
18068
3398
15512
18583
10789
6439
14083
3519
50
15990
19163
14413
6688
15539
6562
9923
850
9937
11945
7244
21311
8878
12279
1841
7188
2300
16955
9081
15018
7803
13361
4479
9535
4794
2092
4032
8019
13671
8067
15710
15114
21415
18638
12117
19127
10102
15869
15275
2298
5376
15627
15123
1561
18548
1766
17569
2675
10635
2814
7072
21682
10146
782
4030
12139
2174
15502
3606
22490
2422
2628
52
18403
5642
1813
2545
4970
3560
7306
644
466
17571
16434
22794
19532
22485
17492
6912
20941
2236
21453
18116
16045
19960
19235
1503
7061
6156
3416
14770
16103
2148
8210
9808
504
1518
5272
22393
19701
7981
5453
18910
16258
6543
18562
15402
22755
13904
8767
16614
4538
4486
7417
856
5297
16490
12024
5115
620
12677
12610
21370
5449
12811
17577
5904
13924
17028
19005
10019
22256
12236
2326
4011
11959
21393
10607
6154
6108
6647
7042
10608
10894
18476
21157
15767
21000
9729
7390
17447
7542
9148
17793
17175
8384
10871
8860
20260
10508
7806
9967
5407
9531
4067
7256
7934
7759
18411
16570
11467
5457
21268
17809
9786
9955
2586
9873
8943
19668
13907
21478
5946
17469
4788
7553
7731
19925
21130
16384
6202
19017
1793
19014
9541
13112
800
11519
21657
7085
11633
20119
22048
7092
14216
19902
15182
19862
11426
20070
18746
14276
10594
6716
5498
8058
10108
16235
19369
22900
3333
10846
12263
20846
75
10749
8586
17750
5561
10138
14546
21840
8552
10246
18809
18238
4886
2945
9316
15205
19401
2292
15326
19346
10371
14240
22173
20480
3235
14728
481
17392
17935
2614
6221
2179
18165
8638
2593
15982
20116
19144
12930
14097
21108
3312
4533
834
18175
10562
19742
20820
15485
16775
5451
9494
9083
13956
22588
21376
22011
14768
16465
1572
10180
11690
5603
4053
18149
8436
12960
967
22191
2604
1395
3165
16894
5757
6166
3089
9473
15538
21365
17716
17613
18431
10848
10103
16201
4880
2881
16963
14708
2319
12357
13082
241
14528
2714
8861
1865
22646
2268
6054
6255
1816
6725
6224
11178
3914
6768
19683
20352
4118
13304
12513
19953
15580
19979
10143
16359
15534
12872
20816
19012
10245
10805
20814
7936
1522
1414
1104
12675
21216
13999
19454
10046
14245
6581
9065
3743
48
5908
20156
13435
9099
19716
3390
10207
12999
4374
3318
8952
17314
16395
18580
22552
1638
22506
5209
12368
22693
8743
14586
22442
2808
2499
12329
2882
2336
18057
10731
8464
14581
19526
12127
13659
12745
2755
22645
3326
8563
12514
15364
941
19477
18582
4703
7381
7712
13130
20989
17930
20270
22233
3265
6757
22351
2143
10829
3372
12526
21479
19373
17949
8077
2461
22758
17459
503
18286
15158
21060
5881
12162
11651
16232
13025
7718
18661
7347
11528
8520
444
22460
18252
18712
14542
22438
6986
15422
13260
824
2093
16408
12845
4494
15110
21243
2793
5763
3328
20649
17112
7888
10097
18446
8096
11719
20740
7348
13426
19504
15160
4780
18766
4422
10289
7278
4727
16934
8329
14970
20322
4360
22098
4418
9789
21110
94
12118
11668
6153
8828
21225
21165
8641
19498
14256
14978
10462
21644
13814
21481
3891
2653
20974
19253
15593
2549
19681
13975
19576
15352
177
3950
18421
10723
13620
2018
13661
19595
5552
10586
7836
18965
15742
5583
10301
14916
17191
1
1688
14373
16755
16595
14885
18972
4743
22
1681
17609
11914
17397
15286
8131
4176
16566
1255
18174
3557
1129
8008
19194
6680
14271
8539
21093
4452
7808
19307
3532
20049
22139
16768
3431
8194
21224
12735
5563
5895
2800
20949
18643
10271
1783
1909
22080
15469
21356
22820
5004
21876
7294
3979
13168
19626
4553
7124
9213
22273
14565
3384
7645
14414
5082
958
13140
254
10772
14109
21299
10845
5219
18754
14505
2846
3819
3545
4039
15613
9712
757
9676
2321
2115
8281
3951
15863
14861
11480
2211
5048
6167
10874
12802
9926
12911
9556
13682
2450
4927
19976
7746
9242
2711
9159
9117
15140
19385
2263
6253
21077
10206
15318
17499
3600
3701
6974
5497
18517
334
8297
8206
17326
21920
11885
3044
22599
5888
18961
14195
3784
12794
13022
18726
18729
22657
15856
13744
4865
5597
20043
4499
9989
22793
20720
12365
18633
10543
15503
15340
19311
4695
1862
4117
11212
18235
17849
21889
12265
3905
12362
632
4407
12124
7929
7874
14563
10925
6225
15601
9811
7229
18053
18792
22397
10610
6296
12812
14484
14265
15594
22782
2256
13957
9313
155
6539
16410
16957
7968
11222
4802
1710
1914
12703
17985
107
4620
16553
912
12483
22652
7916
14190
7666
2503
7053
22514
6962
8579
22295
5260
18859
7990
3550
9440
928
10551
17763
1802
7564
3858
5386
11755
2832
17118
1336
11287
5427
20771
2557
4859
20818
3983
9807
10963
21092
15589
12525
17848
22642
672
7534
22850
3465
9458
9672
2080
11447
16397
11869
19848
14710
3053
4384
1622
2835
4543
9685
1882
18991
7728
19066
9106
3554
19007
4382
10841
5450
15198
6734
5464
14030
14267
22418
15874
629
9994
17419
16264
14880
13379
18227
19973
12701
15150
7276
1870
18093
41
13673
3245
3185
21386
16218
14318
10987
12559
4627
12180
16513
14228
11207
7407
17800
9496
5094
339
3217
11370
3294
6656
9131
15821
15518
18457
6740
21841
11109
19116
19501
11060
1349
9030
21843
2344
8558
16065
16257
4123
3734
8364
1508
957
8143
13727
17350
17173
10689
18314
6420
9606
10740
13197
13675
517
16854
1098
5479
5056
4867
22597
7349
8217
1790
15344
16671
16995
21234
553
11004
12078
12209
6280
11386
22029
11282
18427
8899
8624
7529
1897
18225
14857
2914
5977
15032
17787
12916
5310
6315
7393
9795
455
17460
4768
12746
22181
15629
11749
15648
10582
11441
18796
17542
5942
3041
16651
8750
11308
12902
21305
21925
17455
22585
11877
803
4952
12319
6089
19791
21211
6833
4233
8914
691
4502
2629
21506
9708
9809
3990
12204
8177
14201
3994
10357
12976
3793
4785
4529
13643
4829
22752
12103
16878
21128
2145
22037
9455
2654
1609
8020
9623
20009
11140
16633
7865
4470
20112
3421
10762
5372
12392
1768
1179
5119
15500
13024
20318
12229
333
6862
14972
3590
2209
10454
808
10529
1686
15876
901
3778
15071
7005
18216
14515
3660
10561
21533
14338
2589
13471
18269
19363
18015
6523
2551
6283
15769
6935
4489
9757
15459
8673
7816
13269
5980
17818
6073
12002
17155
1185
10320
1036
4813
9321
280
4585
5509
18784
15076
16130
9050
1168
15760
4012
14911
14223
13348
17462
22336
1200
19457
17391
3932
12796
15305
12222
15901
22162
9430
21784
12054
15801
20567
22874
5542
18115
10178
2325
14534
17476
14928
12328
3009
18971
11821
10556
12747
10388
298
14224
2339
12503
12391
3409
9234
21314
7344
18914
12143
1271
3191
13788
17011
1625
12767
7519
1922
9043
19418
5137
3569
5490
18010
15017
10492
6777
9428
3450
4766
6778
9522
8871
8585
10095
18863
18508
13434
3334
10141
749
5254
11437
18921
8658
22609
13342
5377
15597
18110
11592
230
7190
4888
21666
14869
3659
1948
1717
20347
11220
11722
5106
21996
12972
4811
14464
13055
8111
9610
17190
3199
17817
20250
19059
12830
1954
8798
2739
14815
20268
194
10530
20768
5301
6329
18500
11640
13686
6383
6088
13887
20869
19390
3947
14211
18480
8742
4836
6940
17987
18456
21121
6895
19672
16409
15021
4155
2672
20172
21412
11277
22821
2558
1357
18497
14639
7391
17766
21649
290
9662
10957
21114
19217
21445
13052
18629
19422
3607
3155
8482
2377
9653
17054
1844
978
14785
11654
22873
21786
22781
2164
7891
9436
6601
16199
12321
20923
20277
3045
14379
14685
15054
15282
6344
16665
14679
18211
14541
8370
21724
932
21474
1323
3325
22153
7316
4936
17656
18703
4903
745
1501
10716
21720
1967
7166
19367
9408
3349
14622
6043
6328
18285
14013
17308
8929
14292
22435
10759
3243
17138
5303
1678
4352
4917
9539
20106
12883
11999
8590
12125
9986
17844
15924
2162
10272
17851
2888
22472
16547
19050
8202
12262
18832
11379
10074
19177
13030
3279
10086
12464
21643
8724
13097
8388
8791
14707
16063
17431
5243
21097
2940
13705
12359
13982
515
4824
6448
4692
13351
11007
6339
21855
10027
19173
7332
20904
7548
21252
11968
19320
12282
11708
14809
6024
18410
1704
2051
22883
7606
12042
10248
14949
3570
7641
3215
9703
12925
7373
15164
744
17977
17041
8021
22625
20276
13017
18787
5775
14394
11364
17917
16118
17772
5388
17219
13653
7863
5668
3030
14506
5766
15417
10192
14799
6492
9916
10844
17189
11782
7037
8144
11815
4551
21922
14957
18311
20183
21189
13646
9880
1230
18133
4732
13954
1811
15277
11197
3915
6690
4972
13003
7331
18819
16968
13644
10817
2624
3556
19325
200
21775
19591
8700
14343
277
11913
10870
2216
2715
7055
8088
21360
9540
5409
863
21703
2529
20285
22662
288
19196
12913
13278
18668
13410
1162
55
6714
16893
2753
21618
15881
6749
4849
12015
14259
12029
9701
13018
6565
10404
7684
22535
10948
22501
14607
5911
2568
7187
7028
3121
21261
6226
22537
10519
6190
9245
6194
8047
2669
6196
13141
18220
17998
22395
20534
17489
884
19231
16779
11532
15652
15267
3520
11985
2259
641
509
18697
4114
9280
18348
20614
6741
18890
21705
2112
19330
14309
14659
21837
14177
17126
19108
6482
11986
15621
17527
10811
2689
20597
5353
5973
16951
4245
7024
692
15964
20163
1268
11100
10140
18751
22542
9741
20346
16534
5142
5835
14206
15833
20002
15809
11478
21624
14034
1140
19407
8163
10421
1958
9547
13921
10683
20630
2890
10982
7914
6875
21407
3469
12160
1599
8354
15447
3231
8091
16718
5290
1763
7876
16038
15550
19702
21706
2076
11725
8006
20889
2999
17195
11025
2836
4345
5381
5556
18677
8481
6780
16724
10675
15516
7528
12373
4128
2358
1241
22152
1797
2655
15748
17057
2688
1878
12881
12397
20330
4509
15658
2050
14408
4563
2848
13438
15673
22886
18786
1295
2905
3779
12648
101
5410
15465
18864
12331
18949
11497
12107
1988
979
8078
14645
6427
7423
4823
17975
10430
2219
9094
19741
8886
6574
19537
10611
7334
11288
20249
3286
12666
2781
12854
16658
748
14000
17761
21381
13042
12840
20787
2374
18306
6379
16517
3991
1758
10793
5313
11952
13740
7554
13031
21334
17841
7158
2930
11909
7991
22762
16708
19569
18512
10147
20931
2305
14399
17823
7633
861
21761
11022
9697
12398
8921
8283
21398
4586
5127
19088
6896
6570
15521
14431
14261
19463
2956
938
12325
17507
15911
261
1330
11544
1772
4546
20751
1810
13993
2796
2310
6308
2970
9578
983
761
6709
733
12821
728
6116
7183
7097
1495
798
4762
10557
13550
4605
10761
3896
13227
8342
20337
5560
13105
3404
4485
16035
17490
18659
8734
10441
8326
19917
624
1038
10471
10626
15296
1014
9889
21891
4710
20034
12091
89
22041
19728
16507
18099
11615
15082
2382
4426
3211
17454
20860
3397
302
962
9116
10425
8334
9738
9975
3589
10673
9763
5612
12842
9682
7415
19192
20520
21237
9432
11102
19570
11495
22001
6637
21337
22212
22473
22534
8239
21497
19353
18880
18892
8171
19431
12848
16073
22648
1403
16907
9423
538
16041
1916
14316
2957
19982
4558
13318
2258
10457
7080
3418
926
14610
20715
6302
1598
3860
10252
11753
5274
310
1315
10965
2443
14317
15620
9297
20580
17978
9992
22571
14264
13749
10448
15513
10351
17615
8116
19922
7456
2254
2782
20265
1318
9964
20870
8685
4444
20286
4346
492
9854
2222
18226
3124
21540
18433
11910
9538
2474
7232
10678
21103
20862
6563
14846
449
9686
12213
6587
5088
17598
6350
12343
2508
9735
10312
14881
10736
14300
9777
11430
3782
1881
14589
10580
3683
12861
1864
10279
4303
21662
17399
11807
3921
15144
15168
3323
12580
17252
15454
4295
11063
7809
21829
19026
16946
22513
20238
2370
16976
2436
8531
11826
14980
10979
14709
1837
11534
4685
8320
2717
5731
8895
19842
5530
15750
17842
12721
13978
19218
12755
6616
2119
3337
2043
21741
4096
17567
15591
5442
11232
5383
8578
20821
21323
2493
16468
1648
8535
22901
8094
17132
10124
3411
13516
17411
7713
15035
1893
10895
14544
7296
12653
8457
17871
1385
3948
3772
9832
20004
4046
4267
580
19639
17158
10718
4178
1141
22785
19319
16672
4921
22319
5036
9833
20602
14898
22823
14033
751
3493
9633
20301
3407
21913
5836
14518
9140
12022
11289
674
13895
3022
7660
14358
3882
18012
22853
8081
5014
19913
9146
11055
4549
19227
18254
12498
18470
10514
11862
219
10337
14706
2592
22039
10104
21754
18701
12230
18461
10645
4998
20775
3865
4860
15818
12920
15491
16645
22093
16589
17451
1982
13029
15602
16706
15081
2918
13409
16777
11933
5995
3943
2839
6632
15172
13370
15376
8723
20992
18466
15628
18693
9135
19978
22796
18579
11733
445
11141
10451
17245
7251
11217
5663
8405
14883
4845
17202
2059
9166
667
1135
21553
7899
22895
479
19778
9445
17997
4864
13143
18688
9271
10944
22410
2109
22543
8910
8087
13273
17480
4098
15937
19158
15851
5487
20060
18189
19372
19337
18155
22780
9490
19041
14401
6979
18530
17296
18288
16113
7918
13650
8366
11000
2950
9078
11903
21584
9199
18349
3666
11099
10720
16207
14302
11342
10089
3955
15153
16832
6997
11915
14114
446
4177
17673
8736
22121
3149
5798
16928
8518
11564
8316
16649
1021
20999
560
15751
17109
19352
9144
6651
8675
13504
16377
17060
4041
15284
8662
19749
14367
11464
16898
10541
6429
20341
21460
10536
10771
12997
16067
20164
3510
19688
7651
17681
14378
12402
14678
11205
19323
21119
20733
13068
12530
7671
1093
5693
11646
21059
9075
18245
1724
15442
12783
1416
18901
17385
13668
4526
14397
5761
15740
16345
17441
2013
17363
7987
2694
13108
4302
7597
5246
6525
20292
8752
13106
20653
11522
3287
7962
7631
19663
16229
22812
12541
14023
5673
21680
6465
17944
914
862
3289
17177
10717
12864
8759
13974
20334
5916
13930
2379
10721
12444
11520
7804
1800
20704
18331
3172
21115
17932
10266
22784
7923
303
14649
20205
6718
17882
18044
15191
4765
1437
879
496
2879
21893
6299
6189
4817
33
19469
16364
20291
21809
13792
11135
2526
10595
17724
21335
8946
17616
4477
10952
14942
14991
5493
21994
4145
21884
15445
6551
6843
4854
3732
16028
4667
2223
6314
20054
18253
3543
22550
20586
21205
19906
2317
1131
20237
19417
18735
17318
7376
14560
21963
16393
3892
16071
15743
20243
6022
21471
17157
8142
21105
8999
17502
10165
5249
2618
22450
19009
9129
21962
5038
19228
3611
2619
9286
11607
3027
21894
4729
18386
17396
1971
20521
15578
6250
21739
8715
3142
16179
18635
14011
11525
4112
19558
22082
6844
10739
17369
9345
1846
22042
19279
3922
17380
14238
7114
1587
14908
4820
22713
755
18382
22861
1978
7008
2707
13687
5292
14624
3104
14814
3555
20986
5520
122
9464
22071
6614
3321
1591
9241
16569
20176
20593
14042
443
20807
14295
12953
20997
22210
17446
5384
1320
8434
12153
22468
7970
12176
633
8781
19142
16136
12376
22525
11225
9123
20193
18163
10572
11111
14636
18997
5198
16899
11183
1258
22151
2077
2500
21815
12194
15608
8423
18082
8034
22375
16056
1433
13035
6493
21083
18680
18647
11073
1016
9264
6746
7259
21870
17698
7086
12585
14539
2595
15199
7772
20442
16678
5838
6729
20315
19146
22502
18611
12715
9831
10177
21249
10274
12978
7617
19847
12439
12816
11359
22538
245
8689
382
19657
20269
21670
3396
11278
18130
2265
17374
11404
22268
666
13472
11879
8847
21950
1701
3410
22536
12561
7588
14363
5439
18383
14108
12586
742
5129
13446
686
18667
8264
20058
15871
6938
16662
16426
14718
14174
9520
4683
1337
21047
6292
17867
11448
12945
18803
14361
19676
3534
196
4990
5548
20727
20832
18412
12674
3208
16267
7374
1235
1740
12406
10705
9134
1072
20195
22528
14552
9478
2838
9983
8129
14322
13439
483
22486
1302
13096
11972
3495
2865
3434
363
19453
18468
14025
18350
8605
2049
9803
5636
3634
18147
6916
14754
18003
17344
8173
16210
5605
4045
6932
13048
4929
8317
17382
4305
9515
2199
3521
3967
22077
4790
22444
18190
2420
11976
7655
10479
13162
4487
12928
9460
9424
13713
18107
14977
1458
17990
19191
510
